cells with >=30 decided-or-too_close SFHA buildings: 463 of 696
cells n>=30 and below share > 0.85: 18
                   n  below  above  med_bfe  med_ground  med_ffe     lat     lon
cell                                                                            
88441a8025fffff  275  0.942  0.015      9.0       4.132    6.051  27.858 -82.633
88441a942bfffff  227  0.925  0.018     11.0       3.786    6.442  27.819 -82.803
88441a8327fffff  507  0.919  0.014      9.0       3.547    5.099  27.813 -82.608
88441a9089fffff  120  0.908  0.008     10.0       4.882    6.015  27.747 -82.735
88441a8547fffff   56  0.893  0.036     11.0       5.001    7.116  27.943 -82.721
88441a9893fffff  343  0.889  0.015     10.0       5.060    6.652  27.819 -82.595
88441a802dfffff  477  0.889  0.015      9.0       4.083    5.489  27.851 -82.636
88441a9549fffff  369  0.889  0.033     10.0       4.353    5.534  27.780 -82.768
88441a90c3fffff  114  0.886  0.018     11.0       4.415    5.702  27.741 -82.739
88441a8159fffff  438  0.886  0.002      9.0       4.622    6.537  27.837 -82.630
88441a90ddfffff  234  0.876  0.004     10.0       4.288    5.833  27.742 -82.749
88441a9091fffff  255  0.875  0.012     11.0       5.110    6.531  27.771 -82.746
88441a8337fffff  183  0.874  0.011      9.0       4.354    5.915  27.827 -82.626
88441a901bfffff   54  0.870  0.000     10.0       4.983    6.572  27.717 -82.730
88441a8321fffff  271  0.860  0.011      9.0       5.107    6.896  27.807 -82.613
decided-only: cells n>=30 and below share > 0.85: 170 of 294; of these with med_bfe - med_ground > 8 ft: 0
                   n  below  med_bfe  med_ground    lat    lon
cell                                                          
88441a814dfffff  505   0.96      9.0        3.12  27.82 -82.60
88441a8327fffff  473   0.99      9.0        3.56  27.81 -82.61
88441a802dfffff  431   0.98      9.0        4.05  27.85 -82.64
88441a832bfffff  423   0.98      9.0        5.43  27.81 -82.62
88441a8307fffff  419   0.97      9.0        5.82  27.81 -82.63
88441a8029fffff  404   0.99      9.0        5.88  27.85 -82.64
88441a8159fffff  389   1.00      9.0        4.64  27.84 -82.63
88441a9035fffff  375   0.97     10.0        5.93  27.72 -82.69
88441a9465fffff  372   0.97     10.0        3.31  27.80 -82.79
88441a9559fffff  361   0.95     10.0        3.71  27.80 -82.78
modeled ffe < ground anywhere: 0
cells (n>=20 modeled) with highest median modeled ffh:
                   n  med_ffh  flagged    lat    lon  med_ground  med_w
cell                                                                   
88441aa32dfffff   39    11.13      1.0  28.17 -82.80        5.33  16.93
88441aba15fffff   40    10.42     0.98  28.08 -82.78        3.84  19.07
88441aba55fffff   23     9.74      1.0  28.06 -82.78        4.62  20.35
88441a80e5fffff   27     9.33      1.0  27.89 -82.66        8.18  12.91
88441a86edfffff   23     9.15     0.96  27.94 -82.82        7.07  15.29
88441a8613fffff  111     8.95     0.93  27.94 -82.83        4.78  20.14
88441a90ebfffff  151     8.82     0.94  27.74 -82.72        5.73  17.73
88441ab8d9fffff   20     8.82     0.95  28.15 -82.79        5.44  16.17
88441a95e9fffff  145     8.50     0.79  27.84 -82.77        6.03  16.23
88441a94c5fffff  122     8.36      0.8  27.84 -82.84        4.52  14.26
cells n>=20 with median modeled ffh > 6 ft: 27 ; > 4 ft: 58
                   n  med_ffh  flagged    lat    lon  med_ground  med_w
cell                                                                   
88441a8037fffff   69     7.51      0.7  27.88 -82.65        7.32  13.67
88441a80e5fffff   27     9.33      1.0  27.89 -82.66        8.18  12.91
88441a81d9fffff   61     7.33     0.85  27.89 -82.66        7.62  19.04
88441a845bfffff   31     6.15     0.81  27.96 -82.81       17.85   9.48
88441a8613fffff  111     8.95     0.93  27.94 -82.83        4.78  20.14
88441a86a3fffff  149     7.84     0.73  27.98 -82.82        4.41  16.68
88441a86edfffff   23     9.15     0.96  27.94 -82.82        7.07  15.29
88441a9003fffff   28     6.34     0.89  27.71 -82.71        5.80  11.54
88441a900bfffff   29     6.08      1.0  27.71 -82.71        7.42  19.77
88441a903dfffff  133     6.82     0.83  27.72 -82.69        5.65  16.54
88441a904bfffff   81     7.32     0.96  27.68 -82.72        5.47  15.68
88441a9057fffff   70     6.01     0.93  27.71 -82.72        8.68  16.91
88441a90ebfffff  151     8.82     0.94  27.74 -82.72        5.73  17.73
88441a9231fffff   50     7.26     0.88  27.68 -82.73        5.99  11.95
88441a9235fffff  328     6.60     0.84  27.68 -82.72        5.74  13.64
88441a9237fffff  531     7.09     0.92  27.68 -82.73        6.30  15.97
88441a923dfffff   58     6.87     0.95  27.67 -82.73        4.83  16.42
88441a94c5fffff  122     8.36      0.8  27.84 -82.84        4.52  14.26
88441a94c7fffff   34     7.38     0.65  27.85 -82.85        5.56  18.70
88441a95e9fffff  145     8.50     0.79  27.84 -82.77        6.03  16.23
88441aa325fffff   28     7.90     0.96  28.17 -82.79        5.77  16.96
88441aa32dfffff   39    11.13      1.0  28.17 -82.80        5.33  16.93
88441ab8d3fffff  168     6.65     0.86  28.17 -82.79        5.79  14.04
88441ab8d9fffff   20     8.82     0.95  28.15 -82.79        5.44  16.17
88441ab8dbfffff   39     7.14     0.69  28.16 -82.80        3.95  13.80
88441aba15fffff   40    10.42     0.98  28.08 -82.78        3.84  19.07
88441aba55fffff   23     9.74      1.0  28.06 -82.78        4.62  20.35
