               feat    lab_q1   lab_q50   lab_q99   mod_q50  mod_outside
0             g_p10     0.047     0.205     2.013     0.200        0.020
1             g_med     0.181     0.577     4.136     0.586        0.020
2             g_hag     0.442     1.176     5.696     1.164        0.022
3          g_inside     0.184     0.724     4.423     0.734        0.018
4             g_far    -1.660     0.151     3.235     0.224        0.014
5        bldg_share     0.000     0.703     0.931     0.697        0.009
6          roof_p05     7.850     9.961    34.200     9.829        0.021
7          roof_p50     9.559    12.177    38.129    11.945        0.037
8          roof_p95    10.385    14.841    43.842    14.243        0.035
9          eave_p10     7.671     9.864    33.899     9.752        0.018
10         eave_p50     8.851    10.974    36.778    10.850        0.026
11        eave_main     8.751    11.429    39.652    11.191        0.023
12            ridge    10.529    15.308    44.758    14.605        0.036
13  ground_in_share     0.000     0.020     0.795     0.018        0.003
14   ring_low_share     0.015     0.147     0.361     0.137        0.016
15     ring_low_p90     5.674     9.424     9.927     9.466        0.025
16           pts_m2    10.952    14.783    31.935    14.931        0.021
17       year_built  1925.000  1970.000  2023.000  1971.000        0.012
18      living_area   791.000  1907.000  7716.200  1620.000        0.052
19       fp_area_m2    76.831   241.335   946.620   208.546        0.053
20          stories     1.000     1.000     2.000     1.000        0.000
21     est_eave_p50    -6.007     1.007    20.115     1.000        0.012
22    est_eave_main    -4.467     1.063    20.883     0.999        0.017
23        est_split    -4.467     1.031    20.883     0.999        0.017
modeled rows 240356: ANY FEATS outside label 1-99 pct: 0.257; SFHA rows 73099: 0.271; non-SFHA: 0.251
